17 1
19 2
20 1
21 3
23 2
24 3
25 7
26 3
27 7
28 8
29 7
30 12
31 18
32 15
33 14
34 25
35 27
36 41
37 35
38 45
39 62
40 68
41 84
42 75
43 78
44 114
45 131
46 129
47 152
48 226
49 212
50 260
51 280
52 299
53 356
54 406
55 464
56 478
57 545
58 582
59 643
60 724
61 799
62 868
63 922
64 957
65 1078
66 1158
67 1254
68 1247
69 1440
70 1466
71 1535
72 1621
73 1772
74 1802
75 1898
76 1845
77 1982
78 2067
79 2006
80 2206
81 2292
82 2258
83 2259
84 2445
85 2311
86 2350
87 2342
88 2369
89 2273
90 2314
91 2354
92 2277
93 2152
94 2009
95 2119
96 2029
97 1940
98 1895
99 1832
100 1654
101 1684
102 1609
103 1442
104 1351
105 1249
106 1244
107 1127
108 1061
109 1021
110 930
111 806
112 753
113 675
114 632
115 555
116 537
117 425
118 401
119 348
120 306
121 273
122 230
123 217
124 161
125 164
126 116
127 109
128 103
129 78
130 70
131 51
132 41
133 29
134 33
135 29
136 20
137 17
138 11
139 12
140 7
141 8
142 5
143 6
144 1
145 2
146 5
147 1
149 1
150 1
151 1
155 1


34 1
38 1
41 1
44 1
45 3
47 4
48 7
49 2
50 5
51 5
52 5
53 9
54 13
55 14
56 14
57 14
58 22
59 36
60 35
61 41
62 35
63 59
64 64
65 81
66 81
67 120
68 126
69 140
70 146
71 178
72 214
73 223
74 258
75 314
76 360
77 429
78 421
79 516
80 560
81 646
82 695
83 768
84 859
85 932
86 990
87 1058
88 1179
89 1309
90 1376
91 1486
92 1564
93 1731
94 1777
95 1853
96 2017
97 2037
98 2097
99 2193
100 2293
101 2375
102 2396
103 2426
104 2488
105 2531
106 2602
107 2507
108 2540
109 2515
110 2510
111 2568
112 2451
113 2422
114 2319
115 2347
116 2225
117 2204
118 2049
119 1968
120 1856
121 1776
122 1702
123 1600
124 1493
125 1349
126 1319
127 1137
128 1100
129 974
130 841
131 794
132 687
133 642
134 567
135 528
136 462
137 359
138 305
139 282
140 242
141 203
142 168
143 141
144 113
145 101
146 82
147 78
148 55
149 31
150 30
151 28
152 25
153 23
154 9
155 12
156 6
157 7
158 4
159 3
160 3
164 2


41 1
42 1
43 1
44 2
45 1
46 2
47 3
48 3
49 7
50 1
51 9
52 6
53 10
54 10
55 13
56 21
57 19
58 25
59 28
60 32
61 43
62 45
63 49
64 72
65 65
66 89
67 114
68 144
69 139
70 157
71 200
72 234
73 216
74 277
75 303
76 329
77 389
78 514
79 480
80 591
81 627
82 696
83 750
84 830
85 866
86 1028
87 1058
88 1196
89 1275
90 1353
91 1499
92 1529
93 1661
94 1761
95 1994
96 1918
97 2017
98 2157
99 2184
100 2328
101 2313
102 2475
103 2458
104 2435
105 2606
106 2519
107 2511
108 2611
109 2533
110 2543
111 2522
112 2403
113 2537
114 2402
115 2280
116 2191
117 2203
118 2134
119 1928
120 1824
121 1796
122 1642
123 1589
124 1422
125 1356
126 1256
127 1165
128 1059
129 946
130 863
131 838
132 690
133 622
134 558
135 513
136 420
137 384
138 349
139 288
140 251
141 228
142 161
143 164
144 129
145 106
146 87
147 64
148 56
149 41
150 43
151 32
152 17
153 18
154 13
155 7
156 6
157 5
158 3
159 4
160 1
161 3
162 3
163 1
169 1


