ÎÒ
0.0 147
0.1 285
1.0 317
2.0 322
0.2 308
1.1 284
1.2 260
3.0 281
0.3 286
2.1 328
1.3 279
0.4 315
2.2 306
3.1 282
3.2 299
2.3 308
1.4 300
0.5 311
1.5 309
3.3 262
2.4 287
0.6 301
1.6 298
0.7 316
2.5 291
1.7 301
0.8 302
2.6 318
2.7 311
1.8 267
0.9 273
2.8 317
1.9 316
2.9 313
·¶ÎÄÁú
1.0 316
1.1 319
3.0 174
1.2 342
1.3 338
3.1 148
3.2 153
1.4 299
1.5 341
3.3 125
1.6 331
3.4 104
1.7 324
3.5 95
3.6 107
1.8 323
3.7 81
1.9 271
3.8 99
3.9 68
0.0 142
0.1 331
2.0 272
0.2 331
2.1 288
0.3 332
2.2 247
0.4 330
4.0 78
0.5 333
2.3 232
4.1 54
2.4 221
4.2 66
0.6 332
0.7 329
2.5 214
4.3 35
0.8 338
2.6 214
4.4 41
2.7 165
0.9 308
4.5 40
2.8 151
4.6 29
2.9 157
4.7 18
4.8 10
4.9 4
êÌÊ¿Ë§
1.0 299
1.1 347
3.0 145
1.2 338
1.3 345
3.1 122
1.4 344
3.2 117
1.5 315
3.3 122
1.6 335
3.4 97
1.7 341
3.5 110
1.8 302
3.6 96
1.9 291
3.7 96
3.8 97
3.9 88
0.0 122
0.1 325
0.2 336
2.0 273
2.1 285
0.3 350
4.0 70
2.2 255
0.4 365
0.5 314
4.1 65
2.3 218
2.4 223
4.2 44
0.6 320
0.7 327
2.5 217
4.3 38
0.8 330
2.6 187
4.4 47
0.9 330
2.7 189
4.5 24
2.8 170
4.6 14
2.9 173
4.7 18
4.8 17
4.9 7
